[gd_scene load_steps=25 format=3 uid="uid://fhevq74nky1l"]

[ext_resource type="Script" path="res://Maps/FireRiver/FireRiver.gd" id="1_7qrwr"]
[ext_resource type="PackedScene" uid="uid://b5hw6xbx7eqw4" path="res://Scenes/Elements/Flame/Flame.tscn" id="2_aa8qx"]
[ext_resource type="Texture2D" uid="uid://bskvqhols7w7a" path="res://Assets/3D Models/RawAssets/rockground-texture/textures/BaseColorGround.png" id="2_epce2"]
[ext_resource type="Script" path="res://Scenes/Elements/Water/Water.gd" id="3_5qouk"]
[ext_resource type="PackedScene" uid="uid://d3kyt4i6nhsc4" path="res://Maps/FireRiver/rocks.tscn" id="3_oeu7r"]
[ext_resource type="PackedScene" uid="uid://bho7btve38rh0" path="res://Scenes/Elements/Water/Water.tscn" id="4_n1slb"]
[ext_resource type="PackedScene" uid="uid://bktlrfwkcdkwu" path="res://Assets/3D Models/TreatedAssets/FireFlower.tscn" id="6_hcopp"]
[ext_resource type="Shader" uid="uid://bt7npf7hp6tov" path="res://Assets/Shaders/FireShader.tres" id="6_jw13o"]
[ext_resource type="PackedScene" uid="uid://di6ra155j5ugw" path="res://Maps/Temple/TempleParts/Pillar.tscn" id="6_orvx6"]
[ext_resource type="Texture2D" uid="uid://ds0u4p10tkv5" path="res://Assets/Sprites/Voronoi01.png" id="7_b1bb1"]
[ext_resource type="Script" path="res://Maps/Temple/TempleParts/Pillar.gd" id="7_et63r"]
[ext_resource type="Texture2D" uid="uid://bl7yndd1w847" path="res://Assets/Sprites/Flame01.png" id="8_xpv2o"]
[ext_resource type="PackedScene" uid="uid://m57t5myng4dh" path="res://Assets/3D Models/TreatedAssets/leaf_pile.tscn" id="10_0xkkv"]
[ext_resource type="Script" path="res://Maps/FireRiver/Leaves.gd" id="12_86iyw"]
[ext_resource type="PackedScene" uid="uid://d1r2lmw7ty7gg" path="res://Assets/3D Models/TreatedAssets/lever.tscn" id="16_v01jh"]

[sub_resource type="StandardMaterial3D" id="StandardMaterial3D_whnfb"]
albedo_color = Color(1, 0, 0, 1)
albedo_texture = ExtResource("2_epce2")
albedo_texture_force_srgb = true

[sub_resource type="StandardMaterial3D" id="StandardMaterial3D_a1ra0"]
albedo_color = Color(1, 0, 0, 1)
albedo_texture = ExtResource("2_epce2")
albedo_texture_force_srgb = true

[sub_resource type="ShaderMaterial" id="ShaderMaterial_vspxs"]
resource_local_to_scene = true
render_priority = 0
shader = ExtResource("6_jw13o")
shader_parameter/DissolveTiling = Vector2(0.25, 0.2)
shader_parameter/DissolveSpeed = Vector2(0, 0.2)
shader_parameter/DissolveAmount = 0.2
shader_parameter/MainText = ExtResource("8_xpv2o")
shader_parameter/DissolveTexture = ExtResource("7_b1bb1")

[sub_resource type="Curve" id="Curve_hvrxj"]
_data = [Vector2(0.0422222, 0), 0.0, 0.0, 0, 0, Vector2(0.157778, 1), 0.0, 0.0, 0, 0, Vector2(1, 0), 0.0, 0.0, 0, 0]
point_count = 3

[sub_resource type="CurveTexture" id="CurveTexture_thq30"]
curve = SubResource("Curve_hvrxj")

[sub_resource type="ParticleProcessMaterial" id="ParticleProcessMaterial_esjsw"]
particle_flag_align_y = true
particle_flag_rotate_y = true
particle_flag_damping_as_friction = true
emission_shape = 1
emission_sphere_radius = 0.4
angle_min = -360.0
angle_max = 360.0
direction = Vector3(0, 1, 0)
gravity = Vector3(0, 10, 0)
scale_min = 0.75
scale_max = 1.5
scale_curve = SubResource("CurveTexture_thq30")
color = Color(0, 0.937255, 1, 0.235294)
turbulence_noise_scale = 1.0

[sub_resource type="Curve" id="Curve_0nfee"]
_data = [Vector2(0, 0), 0.0, 0.0, 0, 0, Vector2(0.177778, 1), 0.0, 0.0, 0, 0, Vector2(1, 0), 0.0, 0.0, 0, 0]
point_count = 3

[sub_resource type="CurveTexture" id="CurveTexture_li3ib"]
curve = SubResource("Curve_0nfee")

[sub_resource type="ParticleProcessMaterial" id="ParticleProcessMaterial_7n61n"]
lifetime_randomness = 0.1
particle_flag_align_y = true
particle_flag_rotate_y = true
particle_flag_damping_as_friction = true
emission_shape = 1
emission_sphere_radius = 0.4
angle_min = -360.0
angle_max = 360.0
direction = Vector3(1, 1, 1)
spread = 65.0
gravity = Vector3(0, 5, 0)
scale_min = 0.75
scale_max = 1.5
scale_curve = SubResource("CurveTexture_li3ib")
color = Color(0, 0.937255, 1, 1)
turbulence_noise_strength = 0.5
turbulence_noise_scale = 1.0

[node name="RedDesert" type="Node3D"]
script = ExtResource("1_7qrwr")

[node name="CSGBox3D" type="CSGBox3D" parent="."]
transform = Transform3D(0.642788, 0, -0.766044, 0, 1, 0, 0.766044, 0, 0.642788, -2.3514, -2.43359, -0.142727)
use_collision = true
size = Vector3(56.9697, 5.86719, 79.4476)
material = SubResource("StandardMaterial3D_whnfb")
metadata/_edit_lock_ = true

[node name="HighWallLeft" type="CSGPolygon3D" parent="."]
transform = Transform3D(0.750075, -0.661016, 0.0211031, 0.0333474, 0.00593319, -0.999425, 0.660511, 0.750348, 0.0264934, 48.4574, -4.17508, 28.1186)
use_collision = true
polygon = PackedVector2Array(-42.4734, 4.50898, -49.3328, 18.9534, -20.7513, 43.4267, 0.705719, 20.4131, -3.56288, -34.0896, -42.3874, -32.8078)
depth = 12.0
material = SubResource("StandardMaterial3D_a1ra0")

[node name="HighWallRight" type="CSGPolygon3D" parent="."]
transform = Transform3D(-0.464575, 0.884883, -0.0339578, 0.0492299, -0.0124796, -0.998709, -0.884165, -0.465648, -0.0377649, -43.735, -3.46898, -54.0062)
use_collision = true
polygon = PackedVector2Array(-30.7673, 47.1858, 2.56969, 37.7744, -23.4315, -55.7168, -106.838, -53.5291, -106.48, -15.535, -50.1072, -4.16966, -48.5753, 17.6109)
depth = 12.0
material = SubResource("StandardMaterial3D_a1ra0")

[node name="HighWallRight2" type="CSGPolygon3D" parent="."]
transform = Transform3D(-0.468736, 0.881915, -0.0501377, 0.0756272, -0.0164842, -0.997, -0.880096, -0.471122, -0.0589699, -38.6484, -2.02299, -52.1342)
use_collision = true
polygon = PackedVector2Array(-22.1566, -5.47127, -2.04585, -18.1617, -0.126183, -7.58571, -4.72977, -8.64456, -20.2281, 3.75775, -23.5412, 6.2454, -45.1622, 2.27935, -45.9312, 7.35407, -25.9795, 15.1992, -17.597, 22, -6.56718, 20.9909, 8.38809, 23.6383, -6.60397, -52.6809, -20.3788, -16.0284, -30.4341, -13.4189, -36.3163, -26.4497, -98.7294, -40.1122, -103.277, -22.1624, -57.008, -10.6395)
depth = 12.0
material = SubResource("StandardMaterial3D_a1ra0")

[node name="HighWallRight3" type="CSGPolygon3D" parent="."]
transform = Transform3D(-0.468736, 0.881915, -0.0501377, 0.0756272, -0.0164842, -0.997, -0.880096, -0.471122, -0.0589699, -43.5153, 3.09218, -53.8443)
use_collision = true
polygon = PackedVector2Array(-29.357, -67.7207, -15.6157, -20.8637, -10.1997, 16.4999, -6.56718, 20.9909, 8.38809, 23.6383, -1.00034, -66.7544)
depth = 12.0
material = SubResource("StandardMaterial3D_a1ra0")

[node name="HighWallRight4" type="CSGPolygon3D" parent="."]
transform = Transform3D(-0.493649, 0.865572, -0.0842436, 0.0907769, -0.0450541, -0.994851, -0.864911, -0.498756, -0.0563329, -24.9385, -4.08534, -33.2239)
use_collision = true
polygon = PackedVector2Array(-23.707, -70.7458, -59.0929, -76.8847, -52.9064, -37.7759, -49.3897, -37.9003, -47.8086, -49.3298, -36.2199, -45.2278)
depth = 12.0
material = SubResource("StandardMaterial3D_a1ra0")

[node name="River" type="Node3D" parent="."]
transform = Transform3D(0.997584, -0.0693297, 0.00444716, 0.0692605, 0.997498, 0.0141664, -0.00541819, -0.0138241, 0.99989, -0.038, -3, -0.17)
script = ExtResource("3_5qouk")
start_position = Vector3(-0.454, -3, -0.209)
end_position = Vector3(-0.454, -1, -0.209)
speed = 0.5

[node name="MainRiver" parent="River" instance=ExtResource("4_n1slb")]
transform = Transform3D(3.6772, 0.0248312, 3.38637, -0.15413, 1.19942, 0.014676, -3.38444, -0.0276436, 3.67862, -8.496, 5, 16.164)
skeleton = NodePath("../..")

[node name="FullRiver" parent="River" instance=ExtResource("4_n1slb")]
transform = Transform3D(3.6796, -1.62254e-09, 3.38534, 5.21541e-08, 1.2, 7.07805e-08, -3.38534, 0, 3.6796, 18.795, 4.41853, -27.1558)
skeleton = NodePath("../..")

[node name="Puzzle" parent="River" instance=ExtResource("4_n1slb")]
transform = Transform3D(0.903958, 0.136188, 6.13574, 0.339717, 1.26681, -0.702854, -7.32391, 0.0755696, 0.724704, -54.2659, 11.6676, 5.7333)
skeleton = NodePath("../..")

[node name="Puzzle2" parent="River" instance=ExtResource("4_n1slb")]
transform = Transform3D(2.73341, 0.0974153, 3.96571, 0.0376411, 1.27023, -0.448219, -4.3096, 0.0728805, 2.51134, -12.7587, 10.1683, -48.6023)
skeleton = NodePath("../..")

[node name="Puzzle3" parent="River" instance=ExtResource("4_n1slb")]
transform = Transform3D(1.86882, 0.139094, 1.87258, -0.114091, 1.29663, -0.449352, -1.11101, 0.100812, 3.1959, -24.8873, 10.5412, -27.518)
skeleton = NodePath("../..")

[node name="Rocks" parent="." instance=ExtResource("3_oeu7r")]
transform = Transform3D(0.999985, -0.000303872, 0.00541739, 0.000289281, 0.999996, 0.00269113, -0.00541819, -0.00268952, 0.999982, 0.0634756, 3.17361, 0.0202723)

[node name="Pillar1" parent="." instance=ExtResource("6_orvx6")]
transform = Transform3D(3.40612, -0.00151936, -3.66037, 0.0108796, 4.99998, 0.0080486, 3.66036, -0.0134476, 3.40611, 6.92187, -12.2931, -2.4123)
script = ExtResource("7_et63r")
start_position = Vector3(6.867, -12.319, -2.437)
end_position = Vector3(6.867, -2.33, -2.437)
speed = 1.0
lit = false

[node name="Flame" parent="Pillar1" instance=ExtResource("2_aa8qx")]
transform = Transform3D(0.130343, 0, -0.151693, 0, 0.2, 0, 0.151693, 0, 0.130343, 0.0574136, 2.82217, -0.00690007)
visible = false

[node name="FlameLong" parent="Pillar1/Flame" index="0"]
material_override = SubResource("ShaderMaterial_vspxs")
process_material = SubResource("ParticleProcessMaterial_esjsw")

[node name="FlameShort" parent="Pillar1/Flame" index="1"]
process_material = SubResource("ParticleProcessMaterial_7n61n")

[node name="FireFlower" parent="Pillar1" instance=ExtResource("6_hcopp")]
transform = Transform3D(0.01, 1.44757e-24, 6.51926e-09, 0, 0.01, -2.22045e-18, -6.51926e-09, 2.22045e-18, 0.01, 0.061445, 2.71758, -0.00449598)

[node name="Pillar2" parent="." instance=ExtResource("6_orvx6")]
transform = Transform3D(3.32136, -0.00151936, -3.73746, 0.0110612, 4.99998, 0.0077972, 3.73745, -0.0134476, 3.32135, -2.03622, -2.56548, -13.926)
script = ExtResource("7_et63r")
start_position = Vector3(-2.026, -12.319, -13.973)
end_position = Vector3(-2.026, -2.33, -13.973)
speed = 1.0

[node name="Flame" parent="Pillar2" instance=ExtResource("2_aa8qx")]
transform = Transform3D(0.133785, 0, -0.148667, 0, 0.2, 0, 0.148667, 0, 0.133785, 0.0196035, 2.9286, 0.0344038)

[node name="FireFlower" parent="Pillar2" instance=ExtResource("6_hcopp")]
transform = Transform3D(0.00660213, 1.66774e-18, 0.00751081, 0, 0.01, -2.22045e-18, -0.00751081, 1.46597e-18, 0.00660213, 0.00331044, 2.73979, 0.0365195)

[node name="Leaves" type="Node3D" parent="."]
transform = Transform3D(0.999985, -0.000303872, 0.00541739, 0.000289281, 0.999996, 0.00269113, -0.00541819, -0.00268952, 0.999982, 0.0644307, 0.0304222, 0.0287256)
script = ExtResource("12_86iyw")

[node name="LeafRow" type="Node3D" parent="Leaves"]
transform = Transform3D(1, -9.09495e-12, 0, 3.63798e-12, 1, 0, 0, 0, 1, 0, 0, 0)
script = ExtResource("12_86iyw")

[node name="LeafSquare" type="Node3D" parent="Leaves/LeafRow"]
transform = Transform3D(0.639955, 0.0409073, -0.767323, -0.0291827, 0.999156, 0.0289281, 0.767858, 0.00387984, 0.640608, -44.2261, 1.05012, 6.44882)
script = ExtResource("12_86iyw")

[node name="LeafPile3" parent="Leaves/LeafRow/LeafSquare" instance=ExtResource("10_0xkkv")]
transform = Transform3D(9.03029, -0.152619, 4.29311, 0.09602, 9.99833, 0.153466, -4.29474, -0.0973635, 9.03027, -19.1198, 8.76695, -56.9055)

[node name="LeafPile6" parent="Leaves/LeafRow/LeafSquare" instance=ExtResource("10_0xkkv")]
transform = Transform3D(9.03029, -0.152619, 4.29311, 0.0960201, 9.99833, 0.153466, -4.29474, -0.0973635, 9.03027, -13.2438, 7.3038, -54.4603)

[node name="LeafPile7" parent="Leaves/LeafRow/LeafSquare" instance=ExtResource("10_0xkkv")]
transform = Transform3D(9.03029, -0.152619, 4.29311, 0.0960201, 9.99833, 0.153466, -4.29474, -0.0973635, 9.03027, -14.8842, 7.36888, -58.6048)

[node name="LeafPile8" parent="Leaves/LeafRow/LeafSquare" instance=ExtResource("10_0xkkv")]
transform = Transform3D(9.03029, -0.152619, 4.29311, 0.0960199, 9.99832, 0.153466, -4.29474, -0.0973637, 9.03027, -17.2374, 8.5784, -51.9717)

[node name="LeafDuo2" type="Node3D" parent="Leaves/LeafRow"]
transform = Transform3D(0.639955, 0.0409073, -0.767323, -0.0291827, 0.999156, 0.0289281, 0.767858, 0.00387984, 0.640608, -42.2626, 1.14342, 1.99916)
script = ExtResource("12_86iyw")

[node name="LeafPile3" parent="Leaves/LeafRow/LeafDuo2" instance=ExtResource("10_0xkkv")]
transform = Transform3D(9.03029, -0.152619, 4.29311, 0.0960201, 9.99833, 0.153466, -4.29474, -0.0973635, 9.03027, -19.0866, 7.53663, -56.943)

[node name="LeafPile7" parent="Leaves/LeafRow/LeafDuo2" instance=ExtResource("10_0xkkv")]
transform = Transform3D(9.03029, -0.152619, 4.29311, 0.0960201, 9.99833, 0.153466, -4.29474, -0.0973635, 9.03027, -14.8849, 7.39658, -58.604)

[node name="LeafSquare2" type="Node3D" parent="Leaves/LeafRow"]
transform = Transform3D(0.624807, 0, -0.780779, 0, 1, 0, 0.780779, 0, 0.624807, -35.4569, 0, -4.00703)
script = ExtResource("12_86iyw")

[node name="LeafPile3" parent="Leaves/LeafRow/LeafSquare2" instance=ExtResource("10_0xkkv")]
transform = Transform3D(9.02949, -5.58794e-09, 4.29756, 0, 10, 0, -4.29756, -3.72529e-09, 9.02949, -23.1538, 7.7922, -56.1871)

[node name="LeafPile6" parent="Leaves/LeafRow/LeafSquare2" instance=ExtResource("10_0xkkv")]
transform = Transform3D(9.02949, -5.58794e-09, 4.29756, 0, 10, 0, -4.29756, -3.72529e-09, 9.02949, -17.3144, 7.44607, -53.7094)

[node name="LeafPile7" parent="Leaves/LeafRow/LeafSquare2" instance=ExtResource("10_0xkkv")]
transform = Transform3D(9.02949, -5.58794e-09, 4.29756, 0, 10, 0, -4.29756, -3.72529e-09, 9.02949, -18.9549, 7.57654, -57.8524)

[node name="LeafPile8" parent="Leaves/LeafRow/LeafSquare2" instance=ExtResource("10_0xkkv")]
transform = Transform3D(9.02949, -7.45058e-09, 4.29756, 0, 10, -1.86265e-09, -4.29756, -5.58794e-09, 9.02949, -21.7426, 7.67422, -51.8305)

[node name="LeafDuo" type="Node3D" parent="Leaves/LeafRow"]
transform = Transform3D(0.654151, 0.0137702, -0.756239, -0.00900865, 0.999905, 0.0104146, 0.75631, 0, 0.654213, -45.7151, 1.76361, -18.7306)
script = ExtResource("12_86iyw")

[node name="LeafPile6" parent="Leaves/LeafRow/LeafDuo" instance=ExtResource("10_0xkkv")]
transform = Transform3D(9.02958, -0.0535, 4.29705, 0.036015, 9.99992, 0.0488221, -4.29725, -0.0286078, 9.02958, -14.4067, 8.80014, -47.0191)

[node name="LeafPile7" parent="Leaves/LeafRow/LeafDuo" instance=ExtResource("10_0xkkv")]
transform = Transform3D(9.55838, -0.03459, 2.93892, 0.0266324, 10, 0.0310785, -2.93901, -0.0218782, 9.55835, -16.6732, 6.99652, -50.4639)

[node name="LeafSquare4" type="Node3D" parent="Leaves/LeafRow"]
transform = Transform3D(0.607259, 0.013745, -0.794386, -0.00900865, 0.999905, 0.0104146, 0.794453, 0.000832016, 0.607325, -41.5588, 0.909355, -12.4423)
script = ExtResource("12_86iyw")

[node name="LeafPile3" parent="Leaves/LeafRow/LeafSquare4" instance=ExtResource("10_0xkkv")]
transform = Transform3D(9.02955, -0.0534998, 4.29704, 0.0360147, 9.99982, 0.0488218, -4.29726, -0.0286081, 9.02956, -22.7319, 7.81098, -51.8823)

[node name="LeafPile6" parent="Leaves/LeafRow/LeafSquare4" instance=ExtResource("10_0xkkv")]
transform = Transform3D(9.02955, -0.0534999, 4.29704, 0.0360147, 9.99982, 0.0488219, -4.29726, -0.0286081, 9.02956, -16.8903, 7.41125, -49.4044)

[node name="LeafPile7" parent="Leaves/LeafRow/LeafSquare4" instance=ExtResource("10_0xkkv")]
transform = Transform3D(9.02955, -0.0534999, 4.29704, 0.0360147, 9.99982, 0.0488219, -4.29726, -0.0286081, 9.02956, -18.5312, 7.52107, -53.5478)

[node name="LeafPile8" parent="Leaves/LeafRow/LeafSquare4" instance=ExtResource("10_0xkkv")]
transform = Transform3D(9.02955, -0.0534998, 4.29704, 0.0360147, 9.99982, 0.0488218, -4.29726, -0.0286081, 9.02956, -21.3198, 7.56177, -47.5251)

[node name="LeafRow2" type="Node3D" parent="Leaves"]
transform = Transform3D(0.999632, -0.027047, -0.00298514, 0.0270054, 0.99955, -0.0132273, 0.00334155, 0.0131417, 0.999911, -13.471, 0.524702, 12.2055)
script = ExtResource("12_86iyw")

[node name="LeafSquare" type="Node3D" parent="Leaves/LeafRow2"]
transform = Transform3D(0.66835, 0.0410242, -0.742715, -0.0291827, 0.999156, 0.0289281, 0.743274, 0.0023403, 0.668983, -40.983, 0.662776, -13.3864)
script = ExtResource("12_86iyw")

[node name="LeafPile3" parent="Leaves/LeafRow2/LeafSquare" instance=ExtResource("10_0xkkv")]
transform = Transform3D(9.45458, -0.110189, 3.2556, 0.0783548, 9.9991, 0.11088, -3.25652, -0.0793223, 9.45457, -7.85747, 7.41826, -41.5269)

[node name="LeafPile6" parent="Leaves/LeafRow2/LeafSquare" instance=ExtResource("10_0xkkv")]
transform = Transform3D(9.45458, -0.110189, 3.2556, 0.0783548, 9.9991, 0.11088, -3.25652, -0.0793223, 9.45457, -2.32998, 7.15778, -38.4066)

[node name="LeafPile7" parent="Leaves/LeafRow2/LeafSquare" instance=ExtResource("10_0xkkv")]
transform = Transform3D(9.45458, -0.110189, 3.2556, 0.0783548, 9.9991, 0.11088, -3.25652, -0.0793223, 9.45457, -3.49597, 7.24128, -42.7085)

[node name="LeafPile8" parent="Leaves/LeafRow2/LeafSquare" instance=ExtResource("10_0xkkv")]
transform = Transform3D(9.45458, -0.110189, 3.2556, 0.0783548, 9.9991, 0.11088, -3.25652, -0.0793223, 9.45457, -6.94207, 7.19467, -37.0377)

[node name="LeafSquare5" type="Node3D" parent="Leaves/LeafRow2"]
transform = Transform3D(0.60058, 0.0406608, -0.79853, -0.0291827, 0.999156, 0.0289281, 0.799032, 0.0059296, 0.60126, -49.206, 1.71363, -7.87603)
script = ExtResource("12_86iyw")

[node name="LeafPile3" parent="Leaves/LeafRow2/LeafSquare5" instance=ExtResource("10_0xkkv")]
transform = Transform3D(9.45458, -0.110189, 3.2556, 0.0783548, 9.9991, 0.11088, -3.25652, -0.0793223, 9.45457, -7.85747, 7.41826, -41.5269)

[node name="LeafPile6" parent="Leaves/LeafRow2/LeafSquare5" instance=ExtResource("10_0xkkv")]
transform = Transform3D(9.45458, -0.110189, 3.2556, 0.0783548, 9.9991, 0.11088, -3.25652, -0.0793223, 9.45457, -2.32998, 7.15778, -38.4066)

[node name="LeafPile7" parent="Leaves/LeafRow2/LeafSquare5" instance=ExtResource("10_0xkkv")]
transform = Transform3D(9.45458, -0.110189, 3.2556, 0.0783548, 9.9991, 0.11088, -3.25652, -0.0793223, 9.45457, -4.48795, 7.21923, -41.3967)

[node name="LeafPile8" parent="Leaves/LeafRow2/LeafSquare5" instance=ExtResource("10_0xkkv")]
transform = Transform3D(9.45458, -0.110189, 3.2556, 0.0783548, 9.9991, 0.11088, -3.25652, -0.0793223, 9.45457, -6.94207, 7.19467, -37.0377)

[node name="LeafSquare2" type="Node3D" parent="Leaves/LeafRow2"]
transform = Transform3D(0.654213, 0, -0.75631, 0, 1, 0, 0.75631, 0, 0.654213, -37.7338, 0, -4.4673)
script = ExtResource("12_86iyw")

[node name="LeafPile6" parent="Leaves/LeafRow2/LeafSquare2" instance=ExtResource("10_0xkkv")]
transform = Transform3D(9.0295, -1.11759e-07, 4.29756, 8.19564e-08, 10, -2.16067e-07, -4.29756, -1.11759e-07, 9.0295, -4.97459, 7.09367, -51.5632)

[node name="LeafPile7" parent="Leaves/LeafRow2/LeafSquare2" instance=ExtResource("10_0xkkv")]
transform = Transform3D(9.0295, -6.70552e-08, 4.29756, 2.34693e-07, 10, -4.39584e-07, -4.29756, 8.19564e-08, 9.0295, -6.77949, 7.00888, -56.069)

[node name="LeafPile8" parent="Leaves/LeafRow2/LeafSquare2" instance=ExtResource("10_0xkkv")]
transform = Transform3D(9.0295, -1.63913e-07, 4.29756, 1.15484e-07, 10, -2.6077e-07, -4.29756, -1.56462e-07, 9.0295, -10.0747, 7.43964, -52.7107)

[node name="LeafSquare3" type="Node3D" parent="Leaves/LeafRow2"]
transform = Transform3D(0.654151, 0.0137702, -0.756239, -0.00900865, 0.999905, 0.0104146, 0.75631, 0, 0.654213, -42.9505, 0.909355, -11.8709)
script = ExtResource("12_86iyw")

[node name="LeafPile3" parent="Leaves/LeafRow2/LeafSquare3" instance=ExtResource("10_0xkkv")]
transform = Transform3D(9.02958, -0.0535, 4.29706, 0.0360151, 9.99991, 0.0488222, -4.29725, -0.0286079, 9.02957, -10.5658, 7.57815, -51.5265)

[node name="LeafPile6" parent="Leaves/LeafRow2/LeafSquare3" instance=ExtResource("10_0xkkv")]
transform = Transform3D(9.02958, -0.0535, 4.29705, 0.0360151, 9.99991, 0.0488222, -4.29725, -0.0286078, 9.02956, -4.7247, 7.27033, -49.0476)

[node name="LeafPile7" parent="Leaves/LeafRow2/LeafSquare3" instance=ExtResource("10_0xkkv")]
transform = Transform3D(9.02958, -0.0535, 4.29706, 0.0360151, 9.99991, 0.0488222, -4.29725, -0.0286079, 9.02957, -6.36566, 7.38018, -53.1909)

[node name="LeafPile8" parent="Leaves/LeafRow2/LeafSquare3" instance=ExtResource("10_0xkkv")]
transform = Transform3D(9.02958, -0.0535, 4.29706, 0.0360151, 9.99991, 0.0488222, -4.29725, -0.0286079, 9.02957, -9.15326, 7.74867, -47.1765)

[node name="LeafRow3" type="Node3D" parent="Leaves"]
transform = Transform3D(0.999597, 0.0099765, 0.0266447, -0.0100457, 0.999948, 0.00246214, -0.0266187, -0.00272876, 0.999643, -27.5045, 1.073, 25.3137)
script = ExtResource("12_86iyw")

[node name="LeafSquare" type="Node3D" parent="Leaves/LeafRow3"]
transform = Transform3D(0.926397, 0.0453029, -0.373812, -0.0365761, 0.998869, 0.03041, 0.374766, -0.0144991, 0.927006, -12.1473, 0.438403, 5.36384)
script = ExtResource("12_86iyw")

[node name="LeafPile3" parent="Leaves/LeafRow3/LeafSquare" instance=ExtResource("10_0xkkv")]
transform = Transform3D(10, -1.49012e-08, 0, -2.98023e-08, 9.99999, 4.17233e-07, 2.14577e-06, 1.93715e-07, 10, -10.2273, 7.44086, -45.7961)

[node name="LeafPile4" parent="Leaves/LeafRow3/LeafSquare" instance=ExtResource("10_0xkkv")]
transform = Transform3D(10, 9.68575e-08, 0, -1.49012e-07, 9.99999, 5.06639e-07, 3.33786e-06, 2.68221e-07, 10, -8.94855, 7.60921, -48.6812)

[node name="LeafPile6" parent="Leaves/LeafRow3/LeafSquare" instance=ExtResource("10_0xkkv")]
transform = Transform3D(10, 2.98023e-08, 9.53674e-07, -2.16067e-07, 9.99999, 5.51343e-07, 3.8147e-06, 3.72529e-07, 10, -3.88551, 7.22153, -42.9201)

[node name="LeafPile9" parent="Leaves/LeafRow3/LeafSquare" instance=ExtResource("10_0xkkv")]
transform = Transform3D(10, 0, 9.53674e-07, -1.41561e-07, 9.99999, 4.61936e-07, 3.09944e-06, 2.83122e-07, 10, -1.61754, 6.96142, -40.015)

[node name="LeafPile10" parent="Leaves/LeafRow3/LeafSquare" instance=ExtResource("10_0xkkv")]
transform = Transform3D(10, -6.70552e-08, 9.53674e-07, -1.78814e-07, 9.99998, 8.79169e-07, 6.91414e-06, 6.85453e-07, 10, -2.16205, 6.79681, -36.4002)

[node name="LeafPile11" parent="Leaves/LeafRow3/LeafSquare" instance=ExtResource("10_0xkkv")]
transform = Transform3D(10, -3.72529e-08, 9.53674e-07, -3.72529e-08, 9.99997, 1.17719e-06, 9.53674e-06, 9.38773e-07, 10, -5.00457, 7.12351, -39.6415)

[node name="LeafPile7" parent="Leaves/LeafRow3/LeafSquare" instance=ExtResource("10_0xkkv")]
transform = Transform3D(10, -8.9407e-08, 9.53674e-07, 0, 10, 2.23517e-07, 9.53674e-07, 1.93715e-07, 10, -6.17122, 7.39993, -45.8059)

[node name="LeafPile8" parent="Leaves/LeafRow3/LeafSquare" instance=ExtResource("10_0xkkv")]
transform = Transform3D(10, 3.72529e-08, 0, -1.86265e-07, 9.99999, 6.55651e-07, 4.76837e-06, 4.32134e-07, 10, -7.82066, 7.36862, -42.9353)

[node name="LeafSquare2" type="Node3D" parent="Leaves/LeafRow3"]
transform = Transform3D(0.895767, 0.00741615, -0.444461, -0.00726247, 0.999972, 0.00204845, 0.444464, 0.00139294, 0.895796, -24.3132, -0.0689538, 0.139864)
script = ExtResource("12_86iyw")

[node name="LeafPile3" parent="Leaves/LeafRow3/LeafSquare2" instance=ExtResource("10_0xkkv")]
transform = Transform3D(10, 1.86265e-09, -1.19209e-06, 0, 10, 0, 4.76837e-07, -1.11759e-08, 10, -8.73854, 6.77323, -46.8264)

[node name="LeafPile6" parent="Leaves/LeafRow3/LeafSquare2" instance=ExtResource("10_0xkkv")]
transform = Transform3D(10, 0, 0, 0, 10, 0, 0, 0, 10, -4.54138, 7.19928, -42.0711)

[node name="LeafPile7" parent="Leaves/LeafRow3/LeafSquare2" instance=ExtResource("10_0xkkv")]
transform = Transform3D(10, 0, 0, 0, 10, 0, 0, 0, 10, -4.24216, 7.32975, -46.517)

[node name="LeafPile8" parent="Leaves/LeafRow3/LeafSquare2" instance=ExtResource("10_0xkkv")]
transform = Transform3D(10, 9.31323e-09, -3.33786e-06, 5.96046e-08, 9.99999, 3.72529e-09, 0, 1.75089e-07, 10, -9.13971, 6.48906, -42.1237)

[node name="LeafSquare5" type="Node3D" parent="Leaves/LeafRow3"]
transform = Transform3D(0.78264, 0.0281855, -0.621837, -0.0185674, 0.999587, 0.0219386, 0.622196, -0.00562414, 0.78284, -32.6189, 1.28133, -18.7409)
script = ExtResource("12_86iyw")

[node name="LeafPile6" parent="Leaves/LeafRow3/LeafSquare5" instance=ExtResource("10_0xkkv")]
transform = Transform3D(9.98928, 0.462708, 0.0186739, -0.4628, 9.98916, 0.052487, -0.0162234, -0.0532951, 9.99985, -4.55137, 7.39484, -42.0655)

[node name="LeafPile7" parent="Leaves/LeafRow3/LeafSquare5" instance=ExtResource("10_0xkkv")]
transform = Transform3D(9.98928, 0.462708, 0.0186696, -0.4628, 9.98916, 0.0524869, -0.0162249, -0.0532952, 9.99986, -4.23844, 6.79399, -46.5351)

[node name="LeafRow4" type="Node3D" parent="Leaves"]
transform = Transform3D(0.694538, 0.00198362, 0.719454, 0.00838378, 0.999907, -0.0108502, -0.71941, 0.0135677, 0.694455, -18.6554, -0.112133, 19.3321)
script = ExtResource("12_86iyw")

[node name="LeafSquare" type="Node3D" parent="Leaves/LeafRow4"]
transform = Transform3D(0.709598, 0.0410909, -0.703408, -0.0291827, 0.999156, 0.0289281, 0.704002, -7.52055e-10, 0.710198, -32.674, 0.604843, 2.98588)
script = ExtResource("12_86iyw")

[node name="LeafPile3" parent="Leaves/LeafRow4/LeafSquare" instance=ExtResource("10_0xkkv")]
transform = Transform3D(10, 0, 0, 0, 10, 0, 0, 0, 10, -8.74918, 7.54541, -46.8179)

[node name="LeafPile6" parent="Leaves/LeafRow4/LeafSquare" instance=ExtResource("10_0xkkv")]
transform = Transform3D(10, 0, 0, 0, 10, 0, 0, 0, 10, -4.54138, 7.19928, -42.0711)

[node name="LeafPile7" parent="Leaves/LeafRow4/LeafSquare" instance=ExtResource("10_0xkkv")]
transform = Transform3D(10, 1.22935e-07, 2.98023e-08, -6.37956e-08, 10, 1.49012e-08, 0, 2.98023e-08, 10, -4.24697, 7.48682, -46.5142)

[node name="LeafPile8" parent="Leaves/LeafRow4/LeafSquare" instance=ExtResource("10_0xkkv")]
transform = Transform3D(10, 0, 0, 0, 10, 0, 0, 0, 10, -9.34737, 7.27614, -42.278)

[node name="LeafSquare5" type="Node3D" parent="Leaves/LeafRow4"]
transform = Transform3D(0.69607, 0.0414242, -0.716779, -0.0294223, 0.99914, 0.0291702, 0.717371, 0.000784786, 0.69669, -27.4396, 0.10026, 9.62243)
script = ExtResource("12_86iyw")

[node name="LeafPile3" parent="Leaves/LeafRow4/LeafSquare5" instance=ExtResource("10_0xkkv")]
transform = Transform3D(10, -2.32831e-10, 2.98023e-08, 3.37604e-09, 10, 0, -2.98023e-08, 0, 10, -8.77803, 8.47244, -46.8009)

[node name="LeafPile8" parent="Leaves/LeafRow4/LeafSquare5" instance=ExtResource("10_0xkkv")]
transform = Transform3D(10, -5.14556e-08, 0, 5.70435e-08, 10, -5.96046e-08, -2.98023e-08, 0, 10, -9.36477, 7.83599, -42.2677)

[node name="LeafSquare6" type="Node3D" parent="Leaves/LeafRow4"]
transform = Transform3D(0.539013, 0.020169, -0.842055, -0.0408148, 0.99916, -0.00219427, 0.841308, 0.0355512, 0.539384, -29.8157, -0.833055, -7.47373)
script = ExtResource("12_86iyw")

[node name="LeafPile3" parent="Leaves/LeafRow4/LeafSquare6" instance=ExtResource("10_0xkkv")]
transform = Transform3D(10, -3.01749e-07, 4.76837e-07, 1.15484e-07, 10, 0, 4.76837e-07, 0, 10, -8.71225, 7.20794, -46.9541)

[node name="LeafPile6" parent="Leaves/LeafRow4/LeafSquare6" instance=ExtResource("10_0xkkv")]
transform = Transform3D(10, -4.61936e-07, 4.76837e-07, 1.8999e-07, 10, -8.9407e-08, -1.19209e-07, -8.9407e-08, 10, -4.90517, 7.37963, -40.7138)

[node name="LeafPile7" parent="Leaves/LeafRow4/LeafSquare6" instance=ExtResource("10_0xkkv")]
transform = Transform3D(10, -4.17233e-07, 5.96046e-07, 1.63913e-07, 10, -4.47035e-08, 0, 0, 10, -3.95679, 8.38344, -45.0489)

[node name="LeafPile8" parent="Leaves/LeafRow4/LeafSquare6" instance=ExtResource("10_0xkkv")]
transform = Transform3D(10, -1.71363e-07, 1.19209e-07, 9.68575e-08, 10, -5.96046e-08, -3.57628e-07, -1.49012e-08, 10, -9.12142, 7.43045, -41.1174)

[node name="LeafSquare2" type="Node3D" parent="Leaves/LeafRow4"]
transform = Transform3D(0.654213, 0, -0.75631, -2.91038e-10, 1, 0, 0.75631, 0, 0.654213, -41.8719, -0.21891, -6.53204)
script = ExtResource("12_86iyw")

[node name="LeafPile3" parent="Leaves/LeafRow4/LeafSquare2" instance=ExtResource("10_0xkkv")]
transform = Transform3D(10, 0, 0, 0, 10, 0, 0, 0, 10, -8.74918, 7.54541, -46.8179)

[node name="LeafPile6" parent="Leaves/LeafRow4/LeafSquare2" instance=ExtResource("10_0xkkv")]
transform = Transform3D(10, 0, 0, 0, 10, 0, 0, 0, 10, -4.54138, 7.19928, -42.0711)

[node name="LeafPile7" parent="Leaves/LeafRow4/LeafSquare2" instance=ExtResource("10_0xkkv")]
transform = Transform3D(10, 0, 0, 0, 10, 0, 0, 0, 10, -4.24216, 7.32975, -46.517)

[node name="LeafPile8" parent="Leaves/LeafRow4/LeafSquare2" instance=ExtResource("10_0xkkv")]
transform = Transform3D(10, 0, 0, 0, 10, 0, 0, 0, 10, -9.34737, 7.27614, -42.278)

[node name="LeafSquare3" type="Node3D" parent="Leaves/LeafRow4"]
transform = Transform3D(0.654213, -1.86265e-09, -0.75631, -3.31784e-09, 1, -2.79397e-09, 0.75631, 2.79397e-09, 0.654213, -47.5172, 0.142477, -14.482)
script = ExtResource("12_86iyw")

[node name="LeafPile3" parent="Leaves/LeafRow4/LeafSquare3" instance=ExtResource("10_0xkkv")]
transform = Transform3D(10, 0, 0, 0, 10, 0, 0, 0, 10, -8.74918, 7.54541, -46.8179)

[node name="LeafPile6" parent="Leaves/LeafRow4/LeafSquare3" instance=ExtResource("10_0xkkv")]
transform = Transform3D(10, 0, 0, 0, 10, 0, 0, 0, 10, -4.54138, 7.19928, -42.0711)

[node name="LeafPile7" parent="Leaves/LeafRow4/LeafSquare3" instance=ExtResource("10_0xkkv")]
transform = Transform3D(10, 0, 0, 0, 10, 0, 0, 0, 10, -4.24216, 7.32975, -46.517)

[node name="LeafPile8" parent="Leaves/LeafRow4/LeafSquare3" instance=ExtResource("10_0xkkv")]
transform = Transform3D(10, 0, 0, 0, 10, 0, 0, 0, 10, -9.34737, 7.27614, -42.278)

[node name="LeafSquare4" type="Node3D" parent="Leaves/LeafRow4"]
transform = Transform3D(0.654213, -5.58794e-09, -0.75631, -9.83709e-09, 0.999999, -9.31323e-09, 0.75631, 1.86265e-09, 0.654213, -52.7472, 0.671983, -21.6446)
script = ExtResource("12_86iyw")

[node name="LeafPile3" parent="Leaves/LeafRow4/LeafSquare4" instance=ExtResource("10_0xkkv")]
transform = Transform3D(10, 0, 0, 0, 10, 0, 0, 0, 10, -8.74918, 7.54541, -46.8179)

[node name="LeafPile4" parent="Leaves/LeafRow4/LeafSquare4" instance=ExtResource("10_0xkkv")]
transform = Transform3D(10, -0.0015473, -0.00176436, 0.00155272, 9.99997, 0.0280014, 0.0017603, -0.0280018, 9.99997, -11.7689, 7.55868, -47.843)

[node name="LeafPile6" parent="Leaves/LeafRow4/LeafSquare4" instance=ExtResource("10_0xkkv")]
transform = Transform3D(10, 0, 0, 0, 10, 0, 0, 0, 10, -4.54138, 7.19928, -42.0711)

[node name="LeafPile7" parent="Leaves/LeafRow4/LeafSquare4" instance=ExtResource("10_0xkkv")]
transform = Transform3D(10, 0, 0, 0, 10, 0, 0, 0, 10, -4.24216, 7.32975, -46.517)

[node name="LeafPile8" parent="Leaves/LeafRow4/LeafSquare4" instance=ExtResource("10_0xkkv")]
transform = Transform3D(10, 0, 0, 0, 10, 0, 0, 0, 10, -9.34737, 7.27614, -42.278)

[node name="LeafSquare7" type="Node3D" parent="Leaves/LeafRow4"]
transform = Transform3D(0.654213, -1.21072e-08, -0.75631, -2.03145e-08, 0.999997, -1.95578e-08, 0.75631, 0, 0.654213, -48.5003, -0.391948, -1.47883)
script = ExtResource("12_86iyw")

[node name="LeafPile3" parent="Leaves/LeafRow4/LeafSquare7" instance=ExtResource("10_0xkkv")]
transform = Transform3D(10, 0, 0, 0, 10, 0, 0, 0, 10, -8.74918, 7.54541, -46.8179)

[node name="LeafPile6" parent="Leaves/LeafRow4/LeafSquare7" instance=ExtResource("10_0xkkv")]
transform = Transform3D(10, 0, 0, 0, 10, 0, 0, 0, 10, -4.54138, 7.19928, -42.0711)

[node name="LeafPile7" parent="Leaves/LeafRow4/LeafSquare7" instance=ExtResource("10_0xkkv")]
transform = Transform3D(10, 0, 0, 0, 10, 0, 0, 0, 10, -4.24216, 7.32975, -46.517)

[node name="LeafPile8" parent="Leaves/LeafRow4/LeafSquare7" instance=ExtResource("10_0xkkv")]
transform = Transform3D(10, 0, 0, 0, 10, 0, 0, 0, 10, -9.34737, 7.27614, -42.278)

[node name="LeafRow5" type="Node3D" parent="Leaves"]
transform = Transform3D(0.559747, -0.0670344, 0.82595, 0.0512979, 0.997616, 0.0462022, -0.827075, 0.0165079, 0.561851, -1.54171, 2.18882, 28.8373)
script = ExtResource("12_86iyw")

[node name="LeafSquare" type="Node3D" parent="Leaves/LeafRow5"]
transform = Transform3D(0.709599, 0.0410909, -0.703409, -0.0291827, 0.999157, 0.0289281, 0.704002, -1.30385e-08, 0.710198, -32.6969, -0.775581, 2.99614)
script = ExtResource("12_86iyw")

[node name="LeafPile3" parent="Leaves/LeafRow5/LeafSquare" instance=ExtResource("10_0xkkv")]
transform = Transform3D(10, -1.08033e-07, 5.96046e-07, 2.6077e-08, 10, -1.49012e-08, -1.19209e-07, -1.19209e-07, 10, -8.73573, 7.88483, -46.8083)

[node name="LeafPile8" parent="Leaves/LeafRow5/LeafSquare" instance=ExtResource("10_0xkkv")]
transform = Transform3D(9.96857, 0.792168, 0.0097909, -0.79191, 9.96732, -0.160029, -0.0224355, 0.158751, 9.99872, -9.33608, 7.56107, -42.2699)

[node name="LeafSquare2" type="Node3D" parent="Leaves/LeafRow5"]
transform = Transform3D(0.654213, 0, -0.75631, 0, 1, 0, 0.75631, 0, 0.654213, -41.8697, 0, -6.53418)
script = ExtResource("12_86iyw")

[node name="LeafPile3" parent="Leaves/LeafRow5/LeafSquare2" instance=ExtResource("10_0xkkv")]
transform = Transform3D(10, -6.70552e-08, 1.19209e-07, -1.17347e-07, 10, -1.49012e-08, 1.19209e-07, 2.98023e-08, 10, -8.78865, 6.97045, -46.8145)

[node name="LeafPile6" parent="Leaves/LeafRow5/LeafSquare2" instance=ExtResource("10_0xkkv")]
transform = Transform3D(10, -6.70552e-08, 1.19209e-07, -1.17347e-07, 10, -1.49012e-08, 1.19209e-07, 2.98023e-08, 10, -4.60627, 6.25382, -42.0655)

[node name="LeafPile7" parent="Leaves/LeafRow5/LeafSquare2" instance=ExtResource("10_0xkkv")]
transform = Transform3D(10, -6.70552e-08, 1.19209e-07, -1.17347e-07, 10, -1.49012e-08, 1.19209e-07, 2.98023e-08, 10, -4.29958, 6.4932, -46.5121)

[node name="LeafPile8" parent="Leaves/LeafRow5/LeafSquare2" instance=ExtResource("10_0xkkv")]
transform = Transform3D(10, 4.84288e-08, 0, 9.87202e-08, 10, 0, -2.38419e-07, 2.98023e-08, 10, -9.37144, 6.92533, -42.2759)

[node name="LeafSquare3" type="Node3D" parent="Leaves/LeafRow5"]
transform = Transform3D(0.654151, 0.0137702, -0.756239, -0.00900865, 0.999905, 0.0104146, 0.75631, 0, 0.654213, -47.84, 0.909355, -14.0141)
script = ExtResource("12_86iyw")

[node name="LeafPile3" parent="Leaves/LeafRow5/LeafSquare3" instance=ExtResource("10_0xkkv")]
transform = Transform3D(9.97719, 0.67508, -0.00467205, -0.675096, 9.97685, -0.0827636, -0.000926018, 0.0828903, 9.99966, -8.76265, 7.31936, -46.8189)

[node name="LeafPile6" parent="Leaves/LeafRow5/LeafSquare3" instance=ExtResource("10_0xkkv")]
transform = Transform3D(9.96884, 0.788754, -0.00601077, -0.788776, 9.96838, -0.0966876, -0.00163507, 0.0968605, 9.99953, -4.56989, 6.72088, -42.0733)

[node name="LeafPile7" parent="Leaves/LeafRow5/LeafSquare3" instance=ExtResource("10_0xkkv")]
transform = Transform3D(10, -1.0943e-08, -2.38419e-07, -8.98726e-08, 10, 5.58794e-09, -3.57628e-07, 9.31323e-09, 10, -4.26571, 6.93448, -46.5188)

[node name="LeafPile8" parent="Leaves/LeafRow5/LeafSquare3" instance=ExtResource("10_0xkkv")]
transform = Transform3D(10, 0, 0, 0, 10, 0, 0, 0, 10, -9.34737, 7.27614, -42.278)

[node name="LeafSquare4" type="Node3D" parent="Leaves/LeafRow5"]
transform = Transform3D(0.653877, 0.0320562, -0.755922, -0.0209716, 0.999486, 0.0242444, 0.75631, -4.65617e-10, 0.654213, -53.1604, 1.79428, -20.9564)
script = ExtResource("12_86iyw")

[node name="LeafPile3" parent="Leaves/LeafRow5/LeafSquare4" instance=ExtResource("10_0xkkv")]
transform = Transform3D(9.90033, 1.40835, 0.00542033, -1.40805, 9.89884, -0.173951, -0.0298638, 0.171454, 9.99849, -8.7321, 7.90424, -46.8113)

[node name="LeafPile4" parent="Leaves/LeafRow5/LeafSquare4" instance=ExtResource("10_0xkkv")]
transform = Transform3D(9.94045, 1.08971, 0.00634813, -1.08952, 9.93956, -0.134377, -0.0209529, 0.132885, 9.9991, -12.3852, 8.21611, -47.236)

[node name="LeafPile6" parent="Leaves/LeafRow5/LeafSquare4" instance=ExtResource("10_0xkkv")]
transform = Transform3D(10, 0, 0, 0, 10, 0, 0, 0, 10, -4.54138, 7.19928, -42.0711)

[node name="LeafPile7" parent="Leaves/LeafRow5/LeafSquare4" instance=ExtResource("10_0xkkv")]
transform = Transform3D(10, 0, 0, 0, 10, 0, 0, 0, 10, -4.24216, 7.32975, -46.517)

[node name="LeafPile8" parent="Leaves/LeafRow5/LeafSquare4" instance=ExtResource("10_0xkkv")]
transform = Transform3D(9.93956, 1.0978, 0.00634074, -1.09761, 9.93866, -0.135381, -0.0211644, 0.133866, 9.99909, -9.33348, 7.56791, -42.2726)

[node name="LeafRow7" type="Node3D" parent="Leaves"]
transform = Transform3D(-0.844454, 0.0481449, 0.533459, 0.0764931, 0.996583, 0.031145, -0.530137, 0.0671066, -0.845252, -34.5982, 1.87071, -26.4118)
script = ExtResource("12_86iyw")

[node name="LeafSquare3" type="Node3D" parent="Leaves/LeafRow7"]
transform = Transform3D(0.654151, 0.0137702, -0.756239, -0.00900865, 0.999906, 0.0104146, 0.75631, 2.32831e-09, 0.654213, -49.061, 0.0327983, -13.2771)
script = ExtResource("12_86iyw")

[node name="LeafPile3" parent="Leaves/LeafRow7/LeafSquare3" instance=ExtResource("10_0xkkv")]
transform = Transform3D(10, 3.57628e-07, 4.76837e-07, -2.38419e-07, 10, 0, 3.57628e-07, -2.98023e-08, 10, -8.57468, 7.99839, -47.7518)

[node name="LeafPile6" parent="Leaves/LeafRow7/LeafSquare3" instance=ExtResource("10_0xkkv")]
transform = Transform3D(10, 0, 1.19209e-07, -5.96046e-08, 10, 0, 4.76837e-07, 0, 10, -4.52026, 7.53954, -42.0804)

[node name="LeafPile7" parent="Leaves/LeafRow7/LeafSquare3" instance=ExtResource("10_0xkkv")]
transform = Transform3D(10, 5.96046e-08, -2.38419e-07, 0, 10, -5.21541e-08, 0, -6.70552e-08, 10, -4.23397, 7.53409, -46.5104)

[node name="LeafPile8" parent="Leaves/LeafRow7/LeafSquare3" instance=ExtResource("10_0xkkv")]
transform = Transform3D(10, 0, 1.19209e-07, -5.96046e-08, 10, 0, 4.76837e-07, 0, 10, -9.32626, 7.6164, -42.2873)

[node name="LeafSquare4" type="Node3D" parent="Leaves/LeafRow7"]
transform = Transform3D(0.586285, 0.0334801, -0.809414, -0.0219307, 0.999436, 0.0254549, 0.80981, 0.00282713, 0.586687, -56.4058, 0.688661, -23.023)
script = ExtResource("12_86iyw")

[node name="LeafPile3" parent="Leaves/LeafRow7/LeafSquare4" instance=ExtResource("10_0xkkv")]
transform = Transform3D(10, 1.19209e-07, -1.19209e-07, -8.9407e-08, 10, 9.31323e-09, -1.19209e-07, 4.09782e-08, 10, -8.72273, 8.12576, -46.8284)

[node name="LeafPile6" parent="Leaves/LeafRow7/LeafSquare4" instance=ExtResource("10_0xkkv")]
transform = Transform3D(9.99743, -0.22645, 0.00465798, 0.226442, 9.99742, 0.0158483, -0.00501627, -0.0157386, 9.99999, -4.52015, 7.67209, -42.0797)

[node name="LeafPile7" parent="Leaves/LeafRow7/LeafSquare4" instance=ExtResource("10_0xkkv")]
transform = Transform3D(10, 2.38419e-07, 0, 2.98023e-08, 10, -1.08033e-07, 0, 8.9407e-08, 10, -4.20722, 8.1863, -46.518)

[node name="LeafPile8" parent="Leaves/LeafRow7/LeafSquare4" instance=ExtResource("10_0xkkv")]
transform = Transform3D(9.99743, -0.22645, 0.0046578, 0.226442, 9.99742, 0.0158483, -0.00501651, -0.0157386, 10, -9.33211, 7.60422, -42.2839)

[node name="LeafRow6" type="Node3D" parent="Leaves"]
transform = Transform3D(-0.00373791, -0.00935559, 0.999949, 0.0633247, 0.997947, 0.00957357, -0.997986, 0.0633573, -0.00313785, 4.8441, -1.32818, 30.3511)
script = ExtResource("12_86iyw")

[node name="LeafSquare" type="Node3D" parent="Leaves/LeafRow6"]
transform = Transform3D(0.709598, 0.0410909, -0.703408, -0.0291827, 0.999156, 0.0289281, 0.704002, 0, 0.710198, -30.8966, 0.626454, 1.78036)
script = ExtResource("12_86iyw")

[node name="LeafPile3" parent="Leaves/LeafRow6/LeafSquare" instance=ExtResource("10_0xkkv")]
transform = Transform3D(10, 0, 0, 0, 10, 0, 0, 0, 10, -8.74918, 7.54541, -46.8179)

[node name="LeafPile7" parent="Leaves/LeafRow6/LeafSquare" instance=ExtResource("10_0xkkv")]
transform = Transform3D(10, 0, 0, 0, 10, 0, 0, 0, 10, -4.24216, 7.32975, -46.517)

[node name="LeafPile8" parent="Leaves/LeafRow6/LeafSquare" instance=ExtResource("10_0xkkv")]
transform = Transform3D(10, 0, 0, 0, 10, 0, 0, 0, 10, -9.34737, 7.27614, -42.278)

