[gd_scene load_steps=22 format=3 uid="uid://fhevq74nky1l"]

[ext_resource type="PackedScene" uid="uid://b5hw6xbx7eqw4" path="res://Scenes/Elements/Flame/Flame.tscn" id="2_aa8qx"]
[ext_resource type="Texture2D" uid="uid://bskvqhols7w7a" path="res://Assets/3D Models/RawAssets/rockground-texture/textures/BaseColorGround.png" id="2_epce2"]
[ext_resource type="PackedScene" uid="uid://d3kyt4i6nhsc4" path="res://Maps/FireRiver/rocks.tscn" id="3_oeu7r"]
[ext_resource type="PackedScene" uid="uid://bho7btve38rh0" path="res://Scenes/Elements/Water/Water.tscn" id="4_n1slb"]
[ext_resource type="PackedScene" uid="uid://bktlrfwkcdkwu" path="res://Assets/3D Models/TreatedAssets/FireFlower.tscn" id="6_hcopp"]
[ext_resource type="Shader" uid="uid://bt7npf7hp6tov" path="res://Assets/Shaders/FireShader.tres" id="6_jw13o"]
[ext_resource type="PackedScene" uid="uid://di6ra155j5ugw" path="res://Maps/Temple/TempleParts/Pillar.tscn" id="6_orvx6"]
[ext_resource type="Texture2D" uid="uid://ds0u4p10tkv5" path="res://Assets/Sprites/Voronoi01.png" id="7_b1bb1"]
[ext_resource type="Texture2D" uid="uid://bl7yndd1w847" path="res://Assets/Sprites/Flame01.png" id="8_xpv2o"]

[sub_resource type="StandardMaterial3D" id="StandardMaterial3D_whnfb"]
albedo_color = Color(1, 0, 0, 1)
albedo_texture = ExtResource("2_epce2")
albedo_texture_force_srgb = true

[sub_resource type="StandardMaterial3D" id="StandardMaterial3D_a1ra0"]
albedo_color = Color(1, 0, 0, 1)
albedo_texture = ExtResource("2_epce2")
albedo_texture_force_srgb = true

[sub_resource type="ConvexPolygonShape3D" id="ConvexPolygonShape3D_ydluo"]
points = PackedVector3Array(0, 0, 0, 8, 0, 0, 0, 0, 5, 0, 5, 0, 8, 5, 0, 0, 5, 5)

[sub_resource type="BoxShape3D" id="BoxShape3D_feavf"]
size = Vector3(9.12805, 5, 5.04025)

[sub_resource type="CapsuleShape3D" id="CapsuleShape3D_bqujw"]
radius = 4.24057
height = 29.1896

[sub_resource type="ShaderMaterial" id="ShaderMaterial_vspxs"]
resource_local_to_scene = true
render_priority = 0
shader = ExtResource("6_jw13o")
shader_parameter/DissolveTiling = Vector2(0.25, 0.2)
shader_parameter/DissolveSpeed = Vector2(0, 0.2)
shader_parameter/DissolveAmount = 0.2
shader_parameter/MainText = ExtResource("8_xpv2o")
shader_parameter/DissolveTexture = ExtResource("7_b1bb1")

[sub_resource type="Curve" id="Curve_hvrxj"]
_data = [Vector2(0.0422222, 0), 0.0, 0.0, 0, 0, Vector2(0.157778, 1), 0.0, 0.0, 0, 0, Vector2(1, 0), 0.0, 0.0, 0, 0]
point_count = 3

[sub_resource type="CurveTexture" id="CurveTexture_thq30"]
curve = SubResource("Curve_hvrxj")

[sub_resource type="ParticleProcessMaterial" id="ParticleProcessMaterial_esjsw"]
particle_flag_align_y = true
particle_flag_rotate_y = true
particle_flag_damping_as_friction = true
emission_shape = 1
emission_sphere_radius = 0.4
angle_min = -360.0
angle_max = 360.0
direction = Vector3(0, 1, 0)
gravity = Vector3(0, 10, 0)
scale_min = 0.75
scale_max = 1.5
scale_curve = SubResource("CurveTexture_thq30")
color = Color(0, 0.937255, 1, 0.235294)
turbulence_noise_scale = 1.0

[sub_resource type="Curve" id="Curve_0nfee"]
_data = [Vector2(0, 0), 0.0, 0.0, 0, 0, Vector2(0.177778, 1), 0.0, 0.0, 0, 0, Vector2(1, 0), 0.0, 0.0, 0, 0]
point_count = 3

[sub_resource type="CurveTexture" id="CurveTexture_li3ib"]
curve = SubResource("Curve_0nfee")

[sub_resource type="ParticleProcessMaterial" id="ParticleProcessMaterial_7n61n"]
lifetime_randomness = 0.1
particle_flag_align_y = true
particle_flag_rotate_y = true
particle_flag_damping_as_friction = true
emission_shape = 1
emission_sphere_radius = 0.4
angle_min = -360.0
angle_max = 360.0
direction = Vector3(1, 1, 1)
spread = 65.0
gravity = Vector3(0, 5, 0)
scale_min = 0.75
scale_max = 1.5
scale_curve = SubResource("CurveTexture_li3ib")
color = Color(0, 0.937255, 1, 1)
turbulence_noise_strength = 0.5
turbulence_noise_scale = 1.0

[node name="RedDesert" type="Node3D"]

[node name="Bridge" type="CSGBox3D" parent="."]
transform = Transform3D(0.680802, 0.0959039, 0.726162, -0.0396978, 0.994765, -0.0941601, -0.731391, 0.0352774, 0.681045, 15.0947, 3.96371, -23.8073)
use_collision = true
size = Vector3(4.99365, 1, 31.4649)

[node name="CSGBox3D" type="CSGBox3D" parent="."]
transform = Transform3D(0.642788, 0, -0.766044, 0, 1, 0, 0.766044, 0, 0.642788, -2.3514, 0, -0.142727)
size = Vector3(56.9697, 1, 79.4476)
material = SubResource("StandardMaterial3D_whnfb")
metadata/_edit_lock_ = true

[node name="HighWallLeft" type="CSGPolygon3D" parent="."]
transform = Transform3D(0.746454, -0.660063, 0.0843896, 0.0808091, -0.0359642, -0.996079, 0.660511, 0.750348, 0.0264934, 48.4574, -4.17508, 28.1186)
use_collision = true
polygon = PackedVector2Array(-42.4734, 4.50898, -49.3328, 18.9534, -20.7513, 43.4267, 0.705719, 20.4131, -3.56288, -34.0896, -42.3874, -32.8078)
depth = 12.0
material = SubResource("StandardMaterial3D_a1ra0")

[node name="HighWallRight" type="CSGPolygon3D" parent="."]
transform = Transform3D(-0.463726, 0.885329, -0.0339215, 0.0492299, -0.0124796, -0.998709, -0.88461, -0.464798, -0.0377975, -43.735, -3.77508, -53.891)
use_collision = true
polygon = PackedVector2Array(-30.7673, 47.1858, 2.56969, 37.7744, -23.4315, -55.7168, -106.838, -53.5291, -106.48, -15.535, -50.1072, -4.16966, -48.5753, 17.6109)
depth = 12.0
material = SubResource("StandardMaterial3D_a1ra0")

[node name="Ramp" type="CollisionShape3D" parent="."]
transform = Transform3D(-0.721857, -0.657946, -0.214547, -0.284439, -0.000546984, 0.958694, -0.630886, 0.753065, -0.186751, 28.305, 4.08548, -14.9692)
shape = SubResource("ConvexPolygonShape3D_ydluo")

[node name="Block" type="CollisionShape3D" parent="."]
transform = Transform3D(0.843024, -0.119662, -0.524397, 0.0713316, 0.9912, -0.111508, 0.533126, 0.0565981, 0.844141, 32.3873, 5.02501, -10.6023)
shape = SubResource("BoxShape3D_feavf")

[node name="Capsule" type="CollisionShape3D" parent="."]
transform = Transform3D(-0.525422, 0.739938, 0.420027, -0.615881, 0.00985152, -0.787777, -0.587044, -0.672602, 0.450538, 27.8656, 3.21245, -10.7527)
shape = SubResource("CapsuleShape3D_bqujw")

[node name="River" type="Node3D" parent="."]
transform = Transform3D(1, 0, 0, 0, 1, 0, 0, 0, 1, 0, -2.33486, 0)

[node name="MainRiver" parent="River" instance=ExtResource("4_n1slb")]
transform = Transform3D(3.6772, 0.0248312, 3.38637, -0.15413, 1.19942, 0.014676, -3.38444, -0.0276436, 3.67862, -8.496, 5, 16.164)
skeleton = NodePath("../..")

[node name="FullRiver" parent="River" instance=ExtResource("4_n1slb")]
transform = Transform3D(3.6796, 0, 3.38534, 0, 1.2, 0, -3.38534, 0, 3.6796, 18.8354, 5, -27.1475)
skeleton = NodePath("../..")

[node name="LeftSide" type="Node3D" parent="River"]

[node name="Water3" parent="River/LeftSide" instance=ExtResource("4_n1slb")]
transform = Transform3D(4.02131, 0, 2.97138, 0, 1.2, 0, -2.97138, 0, 4.02131, 21.1259, 4.98071, 7.41875)
skeleton = NodePath("../../..")

[node name="Water5" parent="River/LeftSide" instance=ExtResource("4_n1slb")]
transform = Transform3D(1.02194, -1.55739, -2.21145, 1.57253, 2.82129, -0.0470868, 1.41611, -2.00902, 1.64818, 10.4785, -2.8613, -26.0265)
skeleton = NodePath("../../..")

[node name="RightSide" type="Node3D" parent="River"]

[node name="Water4" parent="River/RightSide" instance=ExtResource("4_n1slb")]
transform = Transform3D(0.624808, 2.65013, -2.62745, -0.937542, 0.310913, 0.00540299, 0.92158, 3.69461, 1.87677, 13.4426, 0.387564, -17.0722)
skeleton = NodePath("../../..")

[node name="Water2" parent="River/RightSide" instance=ExtResource("4_n1slb")]
transform = Transform3D(4.05665, 0, 2.92295, 0, 1.2, 0, -2.92295, 0, 4.05665, -10.9296, 5, -35.5674)
skeleton = NodePath("../../..")

[node name="Rocks" parent="." instance=ExtResource("3_oeu7r")]

[node name="Pillar1" parent="." instance=ExtResource("6_orvx6")]
transform = Transform3D(3.38624, 0, -3.67877, 0, 5, 0, 3.67877, 0, 3.38624, 6.86709, -12.3188, -2.43687)

[node name="Flame1" parent="Pillar1" instance=ExtResource("2_aa8qx")]
transform = Transform3D(0.130343, 0, -0.151693, 0, 0.2, 0, 0.151693, 0, 0.130343, 0.0574136, 2.82217, -0.00690007)
visible = false

[node name="FlameLong" parent="Pillar1/Flame1" index="0"]
material_override = SubResource("ShaderMaterial_vspxs")
process_material = SubResource("ParticleProcessMaterial_esjsw")

[node name="FlameShort" parent="Pillar1/Flame1" index="1"]
process_material = SubResource("ParticleProcessMaterial_7n61n")

[node name="FireFlower" parent="Pillar1" instance=ExtResource("6_hcopp")]
transform = Transform3D(0.01, 1.44757e-24, 6.51926e-09, 0, 0.01, -2.22045e-18, -6.51926e-09, 2.22045e-18, 0.01, 0.061445, 2.71758, -0.00449598)

[node name="Pillar2" parent="." instance=ExtResource("6_orvx6")]
transform = Transform3D(3.30106, 0, -3.7554, 0, 5, 0, 3.7554, 0, 3.30106, -2.02576, -2.55772, -13.9728)

[node name="Flame2" parent="Pillar2" instance=ExtResource("2_aa8qx")]
transform = Transform3D(0.133785, 0, -0.148667, 0, 0.2, 0, 0.148667, 0, 0.133785, 0.0196035, 2.9286, 0.0344038)

[node name="FireFlower" parent="Pillar2" instance=ExtResource("6_hcopp")]
transform = Transform3D(0.00660213, 1.66774e-18, 0.00751081, 0, 0.01, -2.22045e-18, -0.00751081, 1.46597e-18, 0.00660213, 0.00331044, 2.73979, 0.0365195)

[editable path="Pillar1/Flame1"]
