[gd_scene load_steps=8 format=3 uid="uid://bekgrr5o18y83"]

[ext_resource type="PackedScene" uid="uid://cb6drqmap1d5c" path="res://Assets/3D Models/TreatedAssets/BananaPlant.tscn" id="1_ca0ci"]
[ext_resource type="PackedScene" uid="uid://cysv45f1lt8d8" path="res://Assets/3D Models/TreatedAssets/Fern.tscn" id="2_yrqpo"]
[ext_resource type="PackedScene" uid="uid://c24uuvmim71nf" path="res://Assets/3D Models/TreatedAssets/PalmTree2.tscn" id="3_bnaye"]
[ext_resource type="PackedScene" uid="uid://o31pksef27ik" path="res://Assets/3D Models/TreatedAssets/PalmTree.tscn" id="4_fxv77"]
[ext_resource type="PackedScene" uid="uid://bxg5jkokoumkq" path="res://Assets/3D Models/TreatedAssets/Monstera.tscn" id="5_lg66t"]
[ext_resource type="PackedScene" uid="uid://dsyq6ygiyvgic" path="res://Assets/3D Models/TreatedAssets/Cliff_1.tscn" id="6_a5ldb"]
[ext_resource type="PackedScene" uid="uid://cgpwtfgya15wb" path="res://Assets/3D Models/TreatedAssets/Cliff_2.tscn" id="7_fy635"]

[node name="Plants" type="Node3D"]
transform = Transform3D(1, 0, 0, 0, 1, 0, 0, 0, 1, 0, -3.28315, 0)

[node name="BananaPlant2" parent="." instance=ExtResource("1_ca0ci")]
transform = Transform3D(1, 0, 0, 0, 1, 0, 0, 0, 1, 1.30612, 5.77534, 16.4976)

[node name="BananaPlant3" parent="." instance=ExtResource("1_ca0ci")]
transform = Transform3D(1, 0, 0, 0, 1, 0, 0, 0, 1, 9.74488, 6.04447, 11.3412)

[node name="BananaPlant" parent="." instance=ExtResource("1_ca0ci")]
transform = Transform3D(1, 0, 0, 0, 1, 0, 0, 0, 1, 5.31389, 3.47844, -1.12538)

[node name="Fern1" parent="." instance=ExtResource("2_yrqpo")]
transform = Transform3D(2.13549, 0, 0, 0, 0.99072, 0, 0, 0, 2.1909, 5.84245, 8.19138, 12.814)

[node name="Fern2" parent="." instance=ExtResource("2_yrqpo")]
transform = Transform3D(1, 0, 0, 0, 1, 0, 0, 0, 1, -1.44673, 6.31126, 13.0432)

[node name="Fern3" parent="." instance=ExtResource("2_yrqpo")]
transform = Transform3D(1, 0, 0, 0, 1, 0, 0, 0, 1, 12.0404, 6.38133, 17.5628)

[node name="PalmTree1" parent="." instance=ExtResource("3_bnaye")]
transform = Transform3D(3.95151, 0, 0, 0, 1.76585, 0.787589, 0, -0.388117, 3.58335, 2.91992, 2.1831, 11.4484)

[node name="PalmTree2" parent="." instance=ExtResource("3_bnaye")]
transform = Transform3D(1, 0, 0, 0, 1, 0, 0, 0, 1, -2.29666, 6.34064, 11.615)

[node name="PalmTree3" parent="." instance=ExtResource("3_bnaye")]
transform = Transform3D(1, 0, 0, 0, 1, 0, 0, 0, 1, 9.0982, 6.25588, 4.03922)

[node name="PalmTree4" parent="." instance=ExtResource("3_bnaye")]
transform = Transform3D(1, 0, 0, 0, 1, 0, 0, 0, 1, 7.70322, 6.34705, 12.1877)

[node name="PalmTreeCrooked1" parent="." instance=ExtResource("4_fxv77")]
transform = Transform3D(-0.738385, 0, 0.67438, 0, 1, 0, -0.67438, 0, -0.738385, 11.607, 6.23065, 13.7534)

[node name="PalmTreeCrooked2" parent="." instance=ExtResource("4_fxv77")]
transform = Transform3D(-0.938914, 0, 0.344151, 0, 1, 0, -0.344151, 0, -0.938914, 8.31102, 6.2262, 1.38649)

[node name="PalmTreeCrooked3" parent="." instance=ExtResource("4_fxv77")]
transform = Transform3D(1, 0, 0, 0, 1, 0, 0, 0, 1, 4.03159, 6.36937, 14.1831)

[node name="Monstera1" parent="." instance=ExtResource("5_lg66t")]
transform = Transform3D(1, 0, 0, 0, 1, 0, 0, 0, 1, -2.94266, 9.04661, -3.78365)

[node name="Monstera2" parent="." instance=ExtResource("2_yrqpo")]
transform = Transform3D(1, 0, 0, 0, 1, 0, 0, 0, 1, -1.73494, 9.12262, -4.8896)

[node name="PalmTree6" parent="." instance=ExtResource("3_bnaye")]
transform = Transform3D(0.807702, 0, -0.589591, 0, 1, 0, 0.589591, 0, 0.807702, -2.50854, 5.36031, -6.49409)

[node name="PalmTree5" parent="." instance=ExtResource("3_bnaye")]
transform = Transform3D(1, 0, 0, 0, 1, 0, 0, 0, 1, 1.81252, 6.12232, -6.97725)

[node name="BananaPlant4" parent="." instance=ExtResource("1_ca0ci")]
transform = Transform3D(0.374171, 0, -2.99784, 0, 2.45327, 0, 2.30892, 0, 0.485813, 4.33575, 8.81986, -3.81076)

[node name="BananaPlant5" parent="." instance=ExtResource("1_ca0ci")]
transform = Transform3D(0.159967, 0, -0.987122, 0, 1, 0, 0.987122, 0, 0.159967, 1.88854, 8.95732, -4.48408)

[node name="BananaPlant6" parent="." instance=ExtResource("1_ca0ci")]
transform = Transform3D(1, 0, 0, 0, 1, 0, 0, 0, 1, -2.80131, 8.97805, -5.3786)

[node name="BananaPlant7" parent="." instance=ExtResource("1_ca0ci")]
transform = Transform3D(1, 0, 0, 0, 1, 0, 0, 0, 1, 0.489646, 8.84059, -4.70528)

[node name="Fern4" parent="." instance=ExtResource("2_yrqpo")]
transform = Transform3D(1, 0, 0, 0, 1, 0, 0, 0, 1, -3.51746, 9.40197, -4.35198)

[node name="Monstera3" parent="." instance=ExtResource("5_lg66t")]
transform = Transform3D(1, 0, 0, 0, 1, 0, 0, 0, 1, -0.31583, 8.91866, -4.52827)

[node name="PalmTreeCrooked4" parent="." instance=ExtResource("4_fxv77")]
transform = Transform3D(0.337933, 0, 0.94117, 0, 1, 0, -0.94117, 0, 0.337933, 1.44465, 9.23765, -4.23171)

[node name="Root Scene" parent="." instance=ExtResource("6_a5ldb")]
transform = Transform3D(0.725783, 0, -0.687924, 0, 1, 0, 0.687924, 0, 0.725783, 10.3127, 1.68979, 5.94307)

[node name="Root Scene2" parent="." instance=ExtResource("7_fy635")]
transform = Transform3D(-0.898174, 0, -0.439641, 0, 1, 0, 0.439641, 0, -0.898174, 7.23768, 1.79098, 12.1166)

[node name="Root Scene3" parent="." instance=ExtResource("7_fy635")]
transform = Transform3D(-0.898174, 0, -0.439641, 0, 1, 0, 0.439641, 0, -0.898174, 2.86584, 3.4014, 14.1012)

[node name="Root Scene4" parent="." instance=ExtResource("2_yrqpo")]
transform = Transform3D(4.69206, 0, 0, 0, 3.29086, 0, 0, 0, 4.26664, 17.7372, 6.30968, 8.84787)

[node name="BananaPlant8" parent="." instance=ExtResource("1_ca0ci")]
transform = Transform3D(1.67488, 0, -1.27589, 0, 2.12741, 0, 1.92124, 0, 1.11229, 13.4658, 4.47946, 5.83286)

[node name="Root Scene5" parent="." instance=ExtResource("5_lg66t")]
transform = Transform3D(2.111, 0, 0, 0, 2.46913, 0, 0, 0, 3.01658, 7.97053, 6.21611, 1.13173)
